% from KCARTADATA/RefProf.For.v107up/mypref.op.new
% the heights of the pressure levels for the kCARTA DATABASE
%      REAL DATABASELEVHEIGHTS(101)
  
%-----------------------------------------------------------
% PLEV with the AIRS layer boundary pressure heights (in km)
%-----------------------------------------------------------

DATABASELEVHEIGHTS = [...
  84.34600,    77.43600,    71.99000,    67.40700,    63.40100,  ...
  59.82900,    56.59100,    53.62600,    50.90500,    48.39900,  ...
  46.11600,    44.05300,    42.18200,    40.47300,    38.90400,  ...
  37.45500,    36.11100,    34.86100,    33.69200,    32.59600,  ...
  31.56300,    30.58200,    29.64800,    28.75900,    27.90800,  ...
  27.09400,    26.31400,    25.56400,    24.84400,    24.15100,  ...
  23.48200,    22.83800,    22.21600,    21.61400,    21.03300,  ...
  20.47000,    19.92400,    19.39300,    18.87800,    18.37600,  ...
  17.88700,    17.41000,    16.94600,    16.49300,    16.05100,  ...
  15.61900,    15.19700,    14.78500,    14.38300,    13.98900,  ...
  13.60300,    13.22600,    12.85700,    12.49500,    12.14100,  ...
  11.79400,    11.45300,    11.12000,    10.79100,    10.46600,  ...
  10.14400,     9.82500,     9.50900,     9.19600,     8.88600,  ...
   8.57800,     8.27400,     7.97200,     7.67200,     7.37600,  ...
   7.08200,     6.79000,     6.50100,     6.21400,     5.93000,  ...
   5.64800,     5.36900,     5.09200,     4.81700,     4.54500,  ...
   4.27500,     4.00700,     3.74100,     3.47800,     3.21700,  ...
   2.95700,     2.70000,     2.44500,     2.19200,     1.94100,  ...
   1.69300,     1.44600,     1.20100,     0.95800,     0.71700,  ...
   0.47800,     0.24100,     0.00600,    -0.22800,    -0.45900,  ...
  -0.68900];
